 XF =   0.000 - XG =   0.000
 YF =   0.000 - YG =   0.000
 ZF =  -0.450 - ZG = -10.000
 Displacement =  0.6915255E+00
 Waterplane area =  0.7683614E+00
 Mass = 0.7088137E+03
