 XF =   0.000 - XG =   0.000
 YF =   0.000 - YG =   0.000
 ZF =  -2.500 - ZG =   0.000
 Displacement =  0.1000001E+04
 Waterplane area =  0.1999999E+03
 Mass = 0.1025001E+07
