 XF =   0.000 - XG =   0.000
 YF =   0.000 - YG =   0.000
 ZF =  -0.500 - ZG = -10.000
 Displacement =  0.7787622E+00
 Waterplane area =  0.7787621E+00
 Mass = 0.7982312E+03
